gc_1000_1  31 29 6.89655,
gc_1000_3  75 71 5.6338,
gc_1000_5  127 121 4.95868,
gc_1000_7  196 185 5.94595,
gc_1000_9  323 306 5.55556,
gc_100_1  7 6 16.6667,
gc_100_3  13 13 0,
gc_100_5  21 20 5,
gc_100_7  31 26 19.2308,
gc_100_9  47 44 6.81818,
gc_20_1  4 3 33.3333,
gc_20_3  5 5 0,
gc_20_5  7 6 16.6667,
gc_20_7  9 8 12.5,
gc_20_9  12 11 9.09091,
gc_250_1  12 10 20,
gc_250_3  27 24 12.5,
gc_250_5  42 38 10.5263,
gc_250_7  63 60 5,
gc_250_9  98 94 4.25532,
gc_4_1  2 2 0,
gc_500_1  19 17 11.7647,
gc_500_3  44 43 2.32558,
gc_500_5  73 66 10.6061,
gc_500_7  110 104 5.76923,
gc_500_9  179 172 4.06977,
gc_50_1  5 5 0,
gc_50_3  9 8 12.5,
gc_50_5  12 11 9.09091,
gc_50_7  17 16 6.25,
gc_50_9  25 24 4.16667,
gc_70_1  6 5 20,
gc_70_3  11 10 10,
gc_70_5  16 15 6.66667,
gc_70_7  22 21 4.7619,
gc_70_9  33 32 3.125,
